0.126 736.22317334 
0.133 722.397081701 
0.14 708.73969744 
0.147 695.248848222 
0.154 681.923187545 
0.161 668.761423315 
0.168 655.76230931 
0.175 642.92463832 
0.182 630.247236584 
0.189 617.728959245 
0.196 605.368686599 
0.203 593.165320987 
0.21 581.117784192 
0.217 569.225015256 
0.224 557.485968628 
0.231 545.899612592 
0.238 534.464927921 
0.245 523.180906724 
0.252 512.046551448 
0.259 501.060874015 
0.266 490.222895068 
0.273 479.53164332 
0.28 468.986154974 
0.287 458.585473218 
0.294 448.32864778 
0.301 438.214734531 
0.308 428.242795137 
0.315 418.411896742 
0.322 408.721111696 
0.329 399.169517297 
0.336 389.756195576 
0.343 380.48023309 
0.35 371.340720741 
0.357 362.336753617 
0.364 353.467430839 
0.371 344.731855427 
0.378 336.129134184 
0.385 327.658377579 
0.392 319.318699647 
0.399 311.1092179 
0.406 303.029053241 
0.413 295.077329889 
0.42 287.253175306 
0.427 279.555720135 
0.434 271.98409814 
0.441 264.537446155 
0.448 257.214904029 
0.455 250.015614588 
0.462 242.938723586 
0.469 235.983379674 
0.476 229.14873436 
0.483 222.433941983 
0.49 215.838159677 
0.497 209.360547351 
0.504 203.000267662 
0.511 196.756485997 
0.518 190.628370448 
0.525 184.6150918 
0.532 178.715823515 
0.539 172.929741715 
0.546 167.256025175 
0.553 161.693855309 
0.56 156.242416164 
0.567 150.900894414 
0.574 145.668479348 
0.581 140.544362874 
0.588 135.52773951 
0.595 130.617806386 
0.602 125.81376324 
0.609 121.114812421 
0.616 116.520158886 
0.623 112.029010208 
0.63 107.640576576 
0.637 103.354070797 
0.644 99.1687083027 
0.651 95.0837071542 
0.658 91.098288047 
0.665 87.2116743168 
0.672 83.4230919459 
0.679 79.7317695697 
0.686 76.1369384834 
0.693 72.6378326485 
0.7 69.2336886995 
0.707 65.9237459507 
0.714 62.7072464021 
0.721 59.5834347461 
0.728 56.5515583726 
0.735 53.6108673746 
0.742 50.7606145527 
0.749 48.0000554193 
0.756 45.3284482019 
0.763 42.7450538459 
0.77 40.2491360161 
0.777 37.8399610978 
0.784 35.5167981968 
0.791 33.2789191386 
0.798 31.1255984659 
0.805 29.0561134364 
0.812 27.0697440183 
0.819 25.1657728853 
0.826 23.3434854107 
0.833 21.6021696599 
0.84 19.9411163828 
0.847 18.3596190044 
0.854 16.8569736147 
0.861 15.4324789578 
0.868 14.0854364201 
0.875 12.8151500175 
0.882 11.6209263822 
0.889 10.5020747487 
0.896 9.45790693886 
0.903 8.48773734671 
0.91 7.59088292295 
0.917 6.76666315872 
0.924 6.01440006922 
0.931 5.33341817708 
0.938 4.72304449555 
0.945 4.18260851159 
0.952 3.71144216901 
0.959 3.30887985159 
0.966 2.97425836636 
0.973 2.7069169271 
0.98 2.50619713803 
0.987 2.37144297784 
0.994 2.30200078413 
1.001 2.29721923815 
1.008 2.35644935008 
1.015 2.47904444478 
1.022 2.66436014804 
1.029 2.91175437338 
1.036 3.22058730952 
1.043 3.59022140826 
1.05 4.02002137318 
1.057 4.50935414879 
1.064 5.05758891045 
1.071 5.66409705477 
1.078 6.3282521908 
1.085 7.04943013172 
1.092 7.82700888722 
1.099 8.66036865647 
1.106 9.54889182167 
1.113 10.4919629422 
1.12 11.4889687495 
1.127 12.539298142 
1.134 13.6423421812 
1.141 14.797494088 
1.148 16.0041492392 
1.155 17.2617051653 
1.162 18.5695615477 
1.169 19.9271202171 
1.176 21.3337851519 
1.183 22.7889624774 
1.19 24.2920604649 
1.197 25.8424895311 
1.204 27.4396622386 
1.211 29.0829932955 
1.218 30.7718995561 
1.225 32.5058000219 
1.232 34.2841158423 
1.239 36.1062703155 
1.246 37.9716888907 
1.253 39.8797991687 
1.26 41.8300309042 
1.267 43.8218160073 
1.274 45.8545885459 
1.281 47.9277847472 
1.288 50.0408430004 
1.295 52.1932038584 
1.302 54.3843100409 
1.309 56.6136064361 
1.316 58.8805401035 
1.323 61.1845602763 
1.33 63.5251183639 
1.337 65.9016679546 
1.344 68.3136648181 
1.351 70.7605669079 
1.358 73.2418343643 
1.365 75.7569295165 
1.372 78.3053168856 
1.379 80.886463187 
1.386 83.4998373327 
1.393 86.1449104344 
1.4 88.8211558055 
1.407 91.5280489638 
1.414 94.265067634 
1.421 97.0316917498 
1.428 99.8274034568 
1.435 102.651687114 
1.442 105.504029298 
1.449 108.383918802 
1.456 111.290846642 
1.463 114.224306054 
1.47 117.183792503 
1.477 120.168803678 
1.484 123.178839499 
1.491 126.213402115 
1.498 129.271995911 
1.505 132.354127505 
1.512 135.459305752 
1.519 138.587041748 
1.526 141.736848826 
1.533 144.908242565 
1.54 148.100740785 
1.547 151.313863553 
1.554 154.547133182 
1.561 157.800074236 
1.568 161.072213526 
1.575 164.363080119 
1.582 167.672205331 
1.589 170.999122736 
1.596 174.34336816 
1.603 177.704479691 
1.61 181.081997671 
1.617 184.475464706 
1.624 187.884425659 
1.631 191.308427658 
1.638 194.747020094 
1.645 198.19975462 
1.652 201.666185158 
1.659 205.145867894 
1.666 208.638361282 
1.673 212.143226046 
1.68 215.660025177 
1.687 219.188323938 
1.694 222.727689864 
1.701 226.27769276 
1.708 229.837904706 
1.715 233.407900055 
1.722 236.987255435 
1.729 240.575549748 
1.736 244.172364173 
1.743 247.777282168 
1.75 251.389889464 
1.757 255.009774075 
1.764 258.636526291 
1.771 262.269738681 
1.778 265.909006098 
1.785 269.553925671 
1.792 273.204096813 
1.799 276.859121218 
1.806 280.518602864 
1.813 284.18214801 
1.82 287.849365199 
1.827 291.519865258 
1.834 295.1932613 
1.841 298.869168721 
1.848 302.547205203 
1.855 306.226990714 
1.862 309.908147507 
1.869 313.590300124 
1.876 317.273075392 
1.883 320.956102428 
1.89 324.639012632 
1.897 328.321439699 
1.904 332.003019606 
1.911 335.683390623 
1.918 339.362193307 
1.925 343.039070507 
1.932 346.71366736 
1.939 350.385631293 
1.946 354.054612025 
1.953 357.720261565 
1.96 361.382234212 
1.967 365.040186557 
1.974 368.693777484 
1.981 372.342668168 
1.988 375.986522075 
1.995 379.625004964 
2.002 383.257784887 
2.009 386.884532189 
2.016 390.504919508 
2.023 394.118621775 
2.03 397.725316214 
2.037 401.324682343 
2.044 404.916401974 
2.051 408.500159214 
2.058 412.075640463 
2.065 415.642534417 
2.072 419.200532065 
2.079 422.749326692 
2.086 426.288613877 
2.093 429.818091496 
2.1 433.337459719 
2.107 436.846421013 
2.114 440.344680138 
2.121 443.831944154 
2.128 447.307922414 
2.135 450.772326567 
2.142 454.224870562 
2.149 457.665270641 
2.156 461.093245344 
2.163 464.508515508 
2.17 467.910804268 
2.177 471.299837055 
2.184 474.675341598 
2.191 478.037047922 
2.198 481.384688353 
2.205 484.717997512 
2.212 488.036712319 
2.219 491.340571992 
2.226 494.629318049 
2.233 497.902694303 
2.24 501.16044687 
2.247 504.402324161 
2.254 507.628076888 
2.261 510.837458062 
2.268 514.030222993 
2.275 517.20612929 
2.282 520.364936864 
2.289 523.506407922 
2.296 526.630306975 
2.303 529.736400831 
2.31 532.8244586 
2.317 535.894251692 
2.324 538.945553818 
2.331 541.97814099 
2.338 544.99179152 
2.345 547.986286024 
2.352 550.961407416 
2.359 553.916940914 
2.366 556.852674037 
2.373 559.768396606 
2.38 562.663900746 
2.387 565.538980882 
2.394 568.393433743 
2.401 571.22705836 
2.408 574.03965607 
2.415 576.831030511 
2.422 579.600987624 
2.429 582.349335655 
2.436 585.075885156 
2.443 587.78044898 
2.45 590.462842287 
2.457 593.122882541 
2.464 595.760389512 
2.471 598.375185274 
2.478 600.967094208 
2.485 603.535943001 
2.492 606.081560646 
2.499 608.603778443 
2.506 611.102429998 
2.513 613.577351225 
2.52 616.028380346 
2.527 618.455357889 
2.534 620.858126693 
2.541 623.236531904 
2.548 625.590420977 
2.555 627.919643675 
2.562 630.224052073 
2.569 632.503500555 
2.576 634.757845814 
2.583 636.986946856 
2.59 639.190664995 
2.597 641.368863859 
2.604 643.521409388 
2.611 645.648169831 
2.618 647.749015754 
2.625 649.823820033 
2.632 651.872457857 
2.639 653.894806731 
2.646 655.890746473 
2.653 657.860159215 
2.66 659.802929406 
2.667 661.718943808 
2.674 663.608091501 
2.681 665.47026388 
2.688 667.305354658 
2.695 669.113259863 
2.702 670.893877844 
2.709 672.647109265 
2.716 674.37285711 
2.723 676.071026681 
2.73 677.741525601 
2.737 679.384263811 
2.744 680.999153575 
2.751 682.586109475 
2.758 684.145048415 
2.765 685.675889621 
2.772 687.178554641 
2.779 688.652967347 
2.786 690.09905393 
2.793 691.51674291 
2.8 692.905965125 
2.807 694.266653743 
2.814 695.598744252 
2.821 696.902174468 
2.828 698.176884531 
2.835 699.422816908 
2.842 700.639916392 
2.849 701.828130104 
2.856 702.98740749 
2.863 704.117700325 
2.87 705.218962711 
2.877 706.291151081 
2.884 707.334224193 
2.891 708.348143137 
2.898 709.332871332 
2.905 710.288374524 
2.912 711.214620792 
2.919 712.111580546 
2.926 712.979226524 
2.933 713.817533797 
2.94 714.626479767 
2.947 715.406044166 
2.954 716.156209061 
2.961 716.876958847 
2.968 717.568280256 
2.975 718.230162348 
2.982 718.862596518 
2.989 719.465576495 
2.996 720.039098338 
3.003 720.583160442 
3.01 721.097763535 
3.017 721.582910677 
3.024 722.03860726 
3.031 722.464861016 
3.038 722.861682006 
3.045 723.229082629 
3.052 723.567077607 
3.059 723.875684009 
3.066 724.15492123 
3.073 724.404810995 
3.08 724.625377398 
3.087 724.816646824 
3.094 724.978647992 
3.101 725.111411959 
3.108 725.214972153 
3.115 725.28936432 
3.122 725.334626437 
3.129 725.35079906 
3.136 725.337924782 
3.143 725.296048727 
3.15 725.225218363 
3.157 725.125483295 
3.164 724.996895668 
3.171 724.839509832 
3.178 724.65338255 
3.185 724.438572877 
3.192 724.195142193 
3.199 723.923154252 
3.206 723.62267508 
3.213 723.293773061 
3.22 722.936518918 
3.227 722.550985696 
3.234 722.137248768 
3.241 721.695385839 
3.248 721.225476937 
3.255 720.727604425 
3.262 720.201852991 
3.269 719.64830965 
3.276 719.067063746 
3.283 718.458206949 
3.29 717.821833256 
3.297 717.158038989 
3.304 716.466922795 
3.311 715.748585648 
3.318 715.003130845 
3.325 714.230664007 
3.332 713.43129308 
3.339 712.605128332 
3.346 711.752282356 
3.353 710.872870063 
3.36 709.967008689 
3.367 709.034817792 
3.374 708.076419248 
3.381 707.091937256 
3.388 706.081498332 
3.395 705.045231314 
3.402 703.983267359 
3.409 702.895739939 
3.416 701.782784847 
3.423 700.644540193 
3.43 699.481146403 
3.437 698.29274622 
3.444 697.079484703 
3.451 695.841509227 
3.458 694.57896948 
3.465 693.292017466 
3.472 691.980807503 
3.479 690.645496223 
3.486 689.286242569 
3.493 687.9032078 
3.5 686.496555483 
3.507 685.066451499 
3.514 683.613064042 
3.521 682.136563612 
3.528 680.637123025 
3.535 679.114917401 
3.542 677.570124175 
3.549 676.002923086 
3.556 674.413496186 
3.563 672.802027832 
3.57 671.168704689 
3.577 669.513715731 
3.584 667.837252238 
3.591 666.139507796 
3.598 664.420678298 
3.605 662.68096194 
3.612 660.920559228 
3.619 659.139672969 
3.626 657.338508276 
3.633 655.517272565 
3.64 653.676175558 
3.647 651.815429278 
3.654 649.935248053 
3.661 648.035848512 
3.668 646.117449587 
3.675 644.180272513 
3.682 642.224540824 
3.689 640.250480358 
3.696 638.258319253 
3.703 636.248287947 
3.71 634.220619178 
3.717 632.175547987 
3.724 630.11331171 
3.731 628.034149987 
3.738 625.938304752 
3.745 623.826020243 
3.752 621.697542993 
3.759 619.553121833 
3.766 617.393007893 
3.773 615.217454602 
3.78 613.026717682 
3.787 610.821055156 
3.794 608.600727341 
3.801 606.365996853 
3.808 604.1171286 
3.815 601.85438979 
3.822 599.578049923 
3.829 597.288380797 
3.836 594.985656503 
3.843 592.670153428 
3.85 590.342150251 
3.857 588.001927948 
3.864 585.649769788 
3.871 583.285961331 
3.878 580.910790433 
3.885 578.524547242 
3.892 576.127524198 
3.899 573.720016034 
3.906 571.302319776 
3.913 568.87473474 
3.92 566.437562533 
3.927 563.991107055 
3.934 561.535674497 
3.941 559.071573338 
3.948 556.599114349 
3.955 554.118610591 
3.962 551.630377415 
3.969 549.13473246 
3.976 546.631995654 
3.983 544.122489214 
3.99 541.606537646 
3.997 539.084467743 
4.004 536.556608586 
4.011 534.023291543 
4.018 531.484850269 
4.025 528.941620704 
4.032 526.393941078 
4.039 523.842151902 
4.046 521.286595976 
4.053 518.727618383 
4.06 516.165566491 
4.067 513.600789952 
4.074 511.033640703 
4.081 508.464472961 
4.088 505.893643229 
4.095 503.321510291 
4.102 500.748435214 
4.109 498.174781343 
4.116 495.600914309 
4.123 493.027202018 
4.13 490.454014661 
4.137 487.881724704 
4.144 485.310706894 
4.151 482.741338257 
4.158 480.173998094 
4.165 477.609067985 
4.172 475.046931786 
4.179 472.487975629 
4.186 469.93258792 
4.193 467.381159342 
4.2 464.834082849 
4.207 462.29175367 
4.214 459.754569306 
4.221 457.22292953 
4.228 454.697236385 
4.235 452.177894186 
4.242 449.665309515 
4.249 447.159891225 
4.256 444.662050436 
4.263 442.172200534 
4.27 439.690757171 
4.277 437.218138267 
4.284 434.754764003 
4.291 432.301056826 
4.298 429.857441442 
4.305 427.424344821 
4.312 425.002196194 
4.319 422.591427048 
4.326 420.192471132 
4.333 417.805764449 
4.34 415.43174526 
4.347 413.07085408 
4.354 410.723533679 
4.361 408.390229078 
4.368 406.071387549 
4.375 403.767458616 
4.382 401.47889405 
4.389 399.206147869 
4.396 396.949676339 
4.403 394.70993797 
4.41 392.487393514 
4.417 390.282505967 
4.424 388.095740562 
4.431 385.927564775 
4.438 383.778448317 
4.445 381.648863136 
4.452 379.539283411 
4.459 377.450185559 
4.466 375.382048223 
4.473 373.335352279 
4.48 371.310580829 
4.487 369.308219201 
4.494 367.328754947 
4.501 365.372677843 
4.508 363.440479883 
4.515 361.532655284 
4.522 359.649700477 
4.529 357.792114109 
4.536 355.960397041 
4.543 354.155052345 
4.55 352.376585304 
4.557 350.625503408 
4.564 348.902316354 
4.571 347.207536042 
4.578 345.541676576 
4.585 343.905254259 
4.592 342.298787596 
4.599 340.722797285 
4.606 339.177806222 
4.613 337.664339496 
4.62 336.182924387 
4.627 334.734090367 
4.634 333.318369094 
4.641 331.936294417 
4.648 330.588402366 
4.655 329.275231159 
4.662 327.997321195 
4.669 326.755215054 
4.676 325.549457499 
4.683 324.380595469 
4.69 323.249178085 
4.697 322.155756643 
4.704 321.100884616 
4.711 320.085117656 
4.718 319.109013589 
4.725 318.173132417 
4.732 317.278036318 
4.739 316.424289647 
4.746 315.612458934 
4.753 314.843112887 
4.76 314.116822392 
4.767 313.434160512 
4.774 312.795702492 
4.781 312.202025758 
4.788 311.65370992 
4.795 311.151336772 
4.802 310.695490298 
4.809 310.286756672 
4.816 309.925724261 
4.823 309.612983631 
4.83 309.349127547 
4.837 309.134750979 
4.844 308.970451107 
4.851 308.856827325 
4.858 308.794481245 
4.865 308.784016703 
4.872 308.826039767 
4.879 308.921158741 
4.886 309.06998417 
4.893 309.273128851 
4.9 309.531207836 
4.907 309.844838442 
4.914 310.214640258 
4.921 310.641235154 
4.928 311.125247289 
4.935 311.667303117 
4.942 312.268031402 
4.949 312.928063222 
4.956 313.64803198 
4.963 314.428573413 
4.97 315.270325604 
4.977 316.17392899 
4.984 317.14002637 
4.991 318.169262922 
4.998 319.262286204 
5.005 320.41974617 
5.012 321.642295178 
5.019 322.930588001 
5.026 324.285281835 
5.033 325.707036309 
5.04 327.196513496 
5.047 328.75437792 
5.054 330.381296564 
5.061 332.077938883 
5.068 333.844976806 
5.075 335.683084748 
5.082 337.592939613 
5.089 339.575220807 
5.096 341.630610236 
5.103 343.759792319 
5.11 345.963453987 
5.117 348.242284693 
5.124 350.59697641 
5.131 353.028223637 
5.138 355.536723404 
5.145 358.123175268 
5.152 360.78828132 
5.159 363.532746181 
5.166 366.357277004 
5.173 369.262583474 
5.18 372.249377805 
5.187 375.318374738 
5.194 378.470291541 
5.201 381.705848002 
5.208 385.025766428 
5.215 388.430771639 
5.222 391.921590968 
5.229 395.498954247 
5.236 399.16359381 
5.243 402.916244485 
5.25 406.757643582 
5.257 410.688530896 
5.264 414.709648691 
5.271 418.821741701 
5.278 423.025557116 
5.285 427.321844578 
5.292 431.711356175 
5.299 436.194846429 
5.306 440.773072292 
5.313 445.446793138 
5.32 450.216770753 
5.327 455.08376933 
5.334 460.048555462 
5.341 465.111898131 
5.348 470.274568705 
5.355 475.537340928 
5.362 480.900990916 
5.369 486.366297147 
5.376 491.934040457 
5.383 497.605004032 
5.39 503.379973404 
5.397 509.259736445 
5.404 515.24508336 
5.411 521.336806681 
5.418 527.535701266 
5.425 533.842564292 
5.432 540.258195248 
5.439 546.783395936 
5.446 553.418970463 
5.453 560.165725239 
5.46 567.024468974 
5.467 573.996012673 
5.474 581.081169637 
5.481 588.280755454 
5.488 595.595588005 
5.495 603.026487452 
5.502 610.574276244 
5.509 618.239779113 
5.516 626.02382307 
5.523 633.927237406 
5.53 641.95085369 
5.537 650.095505767 
5.544 658.36202976 
5.551 666.751264065 
5.558 675.264049355 
5.565 683.901228575 
5.572 692.663646944 
5.579 701.552151955 
5.586 710.567593374 
5.593 719.71082324 
5.6 728.98269692 
5.607 738.402201001 
